0 0.452803 0.541129 0.021167 0.041935
0 0.714817 0.391532 0.021167 0.041935
0 0.550057 0.475403 0.021167 0.041935
0 0.635870 0.802823 0.021167 0.041935
0 0.493993 0.790726 0.021167 0.041935
1 0.650172 0.327621 0.022311 0.009274
1 0.340675 0.618347 0.022311 0.009274
1 0.654176 0.678024 0.022311 0.009274
1 0.294908 0.495766 0.022311 0.009274
1 0.357265 0.750202 0.022311 0.009274
2 0.542620 0.320363 0.017735 0.012500
2 0.526602 0.844960 0.017735 0.012500
2 0.566076 0.209476 0.017735 0.012500
2 0.660469 0.609073 0.017735 0.012500
2 0.557494 0.786492 0.017735 0.012500
3 0.668764 0.847581 0.042334 0.008871
3 0.533753 0.629435 0.042334 0.008871
3 0.605263 0.364516 0.042334 0.008871
3 0.545767 0.343548 0.042334 0.008871
3 0.359268 0.337903 0.042334 0.008871
4 0.310355 0.820766 0.026888 0.019758
4 0.391590 0.498992 0.026888 0.019758
4 0.707952 0.710685 0.026888 0.019758
4 0.425343 0.676008 0.026888 0.019758
4 0.370995 0.532056 0.026888 0.019758